image: mapa_obs.pgm
resolution: 0.050000
origin: [-5.300000, -6.20000, 0.000000]
negate: 0
occupied_thresh: 0.65
free_thresh: 0.196

